Dispersion is 0.000000, Balance is 0.035807, Overload is 0.00%
--------------------------------------------------------------------------
Tier                           Parts      %    Max     0     1     2     3
--------------------------------------------------------------------------
r1                             65536   0.00      3     0     0     0 65536
r1z1                           65536   0.00      1     0 65536     0     0
r1z1-10.192.0.19:6001          14088   0.00      1 51448 14088     0     0
r1z1-10.192.0.19:6001/sdm3      7044   0.00      1 58492  7044     0     0
r1z1-10.192.0.19:6001/sdn3      7044   0.00      1 58492  7044     0     0
r1z1-10.192.0.20:6001          14088   0.00      1 51448 14088     0     0
r1z1-10.192.0.20:6001/sdm3      7044   0.00      1 58492  7044     0     0
r1z1-10.192.0.20:6001/sdn3      7044   0.00      1 58492  7044     0     0
r1z1-10.192.0.21:6001          14088   0.00      1 51448 14088     0     0
r1z1-10.192.0.21:6001/sdm3      7044   0.00      1 58492  7044     0     0
r1z1-10.192.0.21:6001/sdn3      7044   0.00      1 58492  7044     0     0
r1z1-10.192.0.22:6001          14088   0.00      1 51448 14088     0     0
r1z1-10.192.0.22:6001/sdm3      7044   0.00      1 58492  7044     0     0
r1z1-10.192.0.22:6001/sdn3      7044   0.00      1 58492  7044     0     0
r1z1-10.192.0.30:6001           9184   0.00      1 56352  9184     0     0
r1z1-10.192.0.30:6001/sdm3      4592   0.00      1 60944  4592     0     0
r1z1-10.192.0.30:6001/sdn3      4592   0.00      1 60944  4592     0     0
r1z2                           65536   0.00      1     0 65536     0     0
r1z2-10.192.16.21:6001         14088   0.00      1 51448 14088     0     0
r1z2-10.192.16.21:6001/sdm3     7044   0.00      1 58492  7044     0     0
r1z2-10.192.16.21:6001/sdn3     7044   0.00      1 58492  7044     0     0
r1z2-10.192.16.22:6001         14088   0.00      1 51448 14088     0     0
r1z2-10.192.16.22:6001/sdm3     7044   0.00      1 58492  7044     0     0
r1z2-10.192.16.22:6001/sdn3     7044   0.00      1 58492  7044     0     0
r1z2-10.192.16.23:6001         14088   0.00      1 51448 14088     0     0
r1z2-10.192.16.23:6001/sdm3     7044   0.00      1 58492  7044     0     0
r1z2-10.192.16.23:6001/sdn3     7044   0.00      1 58492  7044     0     0
r1z2-10.192.16.24:6001         14088   0.00      1 51448 14088     0     0
r1z2-10.192.16.24:6001/sdm3     7044   0.00      1 58492  7044     0     0
r1z2-10.192.16.24:6001/sdn3     7044   0.00      1 58492  7044     0     0
r1z2-10.192.16.32:6001          9184   0.00      1 56352  9184     0     0
r1z2-10.192.16.32:6001/sdm3     4592   0.00      1 60944  4592     0     0
r1z2-10.192.16.32:6001/sdn3     4592   0.00      1 60944  4592     0     0
r1z3                           65536   0.00      1     0 65536     0     0
r1z3-10.192.32.14:6001         14088   0.00      1 51448 14088     0     0
r1z3-10.192.32.14:6001/sdm3     7044   0.00      1 58492  7044     0     0
r1z3-10.192.32.14:6001/sdn3     7044   0.00      1 58492  7044     0     0
r1z3-10.192.32.15:6001         14088   0.00      1 51448 14088     0     0
r1z3-10.192.32.15:6001/sdm3     7044   0.00      1 58492  7044     0     0
r1z3-10.192.32.15:6001/sdn3     7044   0.00      1 58492  7044     0     0
r1z3-10.192.32.16:6001         14088   0.00      1 51448 14088     0     0
r1z3-10.192.32.16:6001/sdm3     7044   0.00      1 58492  7044     0     0
r1z3-10.192.32.16:6001/sdn3     7044   0.00      1 58492  7044     0     0
r1z3-10.192.32.17:6001         14088   0.00      1 51448 14088     0     0
r1z3-10.192.32.17:6001/sdm3     7044   0.00      1 58492  7044     0     0
r1z3-10.192.32.17:6001/sdn3     7044   0.00      1 58492  7044     0     0
r1z3-10.192.32.18:6001          9184   0.00      1 56352  9184     0     0
r1z3-10.192.32.18:6001/sdm3     4592   0.00      1 60944  4592     0     0
r1z3-10.192.32.18:6001/sdn3     4592   0.00      1 60944  4592     0     0
