Dispersion is 0.000000, Balance is 0.006104, Overload is 0.00%
--------------------------------------------------------------------
Tier                           Parts      %    Max     0     1     2
--------------------------------------------------------------------
r1                             65536   0.00      2     0     0 65536
r1z1                           32770   0.00      1 32766 32770     0
r1z1-10.20.0.19:6001           32770   0.00      1 32766 32770     0
r1z1-10.20.0.19:6001/sda3      16385   0.00      1 49151 16385     0
r1z1-10.20.0.19:6001/sdb3      16385   0.00      1 49151 16385     0
r1z2                           32768   0.00      1 32768 32768     0
r1z2-10.20.0.20:6001           32768   0.00      1 32768 32768     0
r1z2-10.20.0.20:6001/sda3      16384   0.00      1 49152 16384     0
r1z2-10.20.0.20:6001/sdb3      16384   0.00      1 49152 16384     0
r1z4                           65534   0.00      1     2 65534     0
r1z4-10.20.0.17:6001           32767   0.00      1 32769 32767     0
r1z4-10.20.0.17:6001/sda3      16383   0.00      1 49153 16383     0
r1z4-10.20.0.17:6001/sdb3      16384   0.00      1 49152 16384     0
r1z4-10.20.0.18:6001           32767   0.00      1 32769 32767     0
r1z4-10.20.0.18:6001/sda3      16384   0.00      1 49152 16384     0
r1z4-10.20.0.18:6001/sdb3      16383   0.00      1 49153 16383     0
